# Created by Octave 3.2.4, Wed Mar 19 22:08:41 2014 India Standard Time <unknown@unknown>
# name: J_history
# type: matrix
# rows: 10
# columns: 1
 33.62403811045964
 6.576615712126634
 1.816391332872285
 0.9745349470582514
 0.8216274270702819
 0.7899048213339461
 0.7795479644437099
 0.773006929165718
 0.7671955270326372
 0.761570444264111
